z_b21,z_b22,modeled_y
1.0,0.0094736842105263,5.0
1.01530435129378,0.0263157894736842,5.061685851512167
1.04555645349784,0.036140350877193,5.186376594901962
1.07317439196375,0.0396491228070175,5.303406551133529
1.10026919762038,0.0666666666666667,5.42118461446439
1.12699819138,0.0933333333333333,5.5402498467475825
1.15191682883015,0.15719298245614,5.653824761084218
1.17575977988801,0.304912280701754,5.764822120004603
1.19050234201388,0.610877192982456,5.834591652681067
1.20217815648031,1.14842105263158,5.890464639836793
1.21238097258066,1.92140350877193,5.939735245351255
1.21590677866291,2.22350877192982,5.95685858879683
1.22669210790117,3.20491228070175,6.009547055174031
