z_b11,z_b12,modeled_y
1.0,-0.0224561403508772,-0.49916027591848255
1.01749328342283,0.0049122807017543,-0.3182944208326992
1.04546810483867,0.0119298245614035,-0.022539773160366927
1.06758044787102,0.032280701754386,0.2169116348250979
1.08908943079908,0.0529824561403509,0.4546376460524648
1.10948362890365,0.0908771929824561,0.6844221255557095
1.12710604800504,0.166315789473684,0.8864098597218506
1.14384340040071,0.351578947368421,1.0812001849804656
1.15184190099562,0.698245614035088,1.1753011529564068
1.15675026228574,1.19228070175439,1.2333718307759893
1.15969052295699,1.64526315789474,1.26827623211127
1.16283529281899,2.16350877192982,1.3057064689092703
1.16303973274074,2.38666666666667,1.3081432989353248
